           S         I            R           V          E
1   990000.0  5000.000     0.000000    0.000000   5000.000
2   988475.3  5143.683    -9.004973    5.080746   6384.928
3   986950.2  5289.766   -18.022968   10.324408   7767.710
4   985424.7  5438.306   -27.058865   15.733258   9148.347
5   983898.6  5589.372   -36.118539   21.310045  10526.836
6   982371.9  5743.026   -45.207482   27.057358  11903.177
7   980844.7  5899.334   -54.331308   32.977849  13277.369
8   979316.6  6058.363   -63.495835   39.074290  14649.410
9   977787.9  6220.182   -72.707007   45.349524  16019.299
10  976258.3  6384.861   -81.970903   51.806475  17387.034
11  974727.8  6552.474   -91.293748   58.448153  18752.614
12  973196.3  6723.093  -100.681903   65.277645  20116.037
13  971663.7  6896.794  -110.141898   72.298139  21477.302
14  970130.1  7073.655  -119.680408   79.512906  22836.406
15  968595.3  7253.756  -129.304261   86.925308  24193.347
16  967059.2  7437.176  -139.020449   94.538802  25548.124
17  965521.7  7623.999  -148.836128  102.356942  26900.734
18  963982.9  7814.311  -158.758623  110.383379  28251.175
19  962442.5  8008.198  -168.795430  118.621867  29599.444
20  960900.6  8205.748  -178.954223  127.076259  30945.539
21  959357.0  8407.053  -189.242856  135.750518  32289.456
22  957811.6  8612.207  -199.669365  144.648712  33631.194
23  956264.4  8821.303  -210.241979  153.775020  34970.749
24  954715.3  9034.440  -220.969116  163.133735  36308.118
25  953164.1  9251.716  -231.859395  172.729264  37643.298
26  951610.8  9473.234  -242.921635  182.566133  38976.286
27  950055.3  9699.098  -254.164861  192.648988  40307.077
28  948497.5  9929.414  -265.598310  202.982599  41635.669
29  946937.3 10164.290  -277.231436  213.571862  42962.057
30  945374.6 10403.839  -289.073911  224.421803  44286.238
31  943809.2 10648.173  -301.135635  235.537578  45608.207
32  942241.1 10897.409  -313.426736  246.924479  46927.960
33  940670.2 11151.665  -325.957582  258.587936  48245.493
34  939096.3 11411.063  -338.738777  270.533520  49560.801
35  937519.4 11675.726  -351.781173  282.766947  50873.879
36  935939.3 11945.782  -365.095874  295.294077  52184.722
37  934355.9 12221.358  -378.694241  308.120923  53493.326
38  932769.1 12502.588  -392.587895  321.253651  54799.685
39  931178.7 12789.606  -406.788728  334.698585  56103.792
40  929584.7 13082.550  -421.308904  348.462207  57405.644
41  927986.8 13381.560  -436.160865  362.551164  58705.234
42  926385.0 13686.780  -451.357342  376.972270  60002.555
43  924779.2 13998.357  -466.911354  391.732511  61297.602
44  923169.2 14316.440  -482.836218  406.839045  62590.368
45  921554.8 14641.181  -499.145557  422.299211  63880.846
46  919936.0 14972.737  -515.853301  438.120527  65169.030
47  918312.5 15311.267  -532.973697  454.310698  66454.912
48  916684.2 15656.932  -550.521315  470.877619  67738.485
49  915051.0 16009.898  -568.511052  487.829376  69019.741
50  913412.8 16370.334  -586.958144  505.174253  70298.674
51  911769.3 16738.411  -605.878167  522.920738  71575.274
52  910120.4 17114.306  -625.287047  541.077520  72849.533
53  908465.9 17498.197  -645.201065  559.653501  74121.444
54  906805.7 17890.267  -665.636868  578.657793  75390.996
55  905139.6 18290.701  -686.611469  598.099729  76658.182
56  903467.5 18699.689  -708.142261  617.988863  77922.992
57  901789.1 19117.425  -730.247020  638.334976  79185.416
58  900104.2 19544.104  -752.943916  659.148077  80445.444
59  898412.8 19979.927  -776.251514  680.438414  81703.068
60  896714.6 20425.098  -800.188789  702.216472  82958.275
61  895009.4 20879.826  -824.775130  724.492984  84211.056
62  893297.0 21344.321  -850.030345  747.278927  85461.400
63  891577.3 21818.800  -875.974674  770.585535  86709.295
64  889850.0 22303.482  -902.628794  794.424300  87954.730
65  888114.9 22798.589  -930.013824  818.806976  89197.693
66  886371.9 23304.350  -958.151340  843.745586  90438.172
67  884620.7 23820.994  -987.063377  869.252425  91676.155
68  882861.0 24348.759 -1016.772436  895.340066  92911.629
69  881092.8 24887.881 -1047.301500  922.021365  94144.580
70  879315.8 25438.605 -1078.674032  949.309464  95374.996
71  877529.7 26001.178 -1110.913991  977.217799  96602.863
72  875734.3 26575.851 -1144.045837 1005.760104  97828.166
73  873929.4 27162.879 -1178.094538 1034.950415  99050.891
74  872114.7 27762.522 -1213.085581 1064.803074 100271.023
75  870290.1 28375.044 -1249.044978 1095.332740 101488.548
76  868455.3 29000.711 -1285.999276 1126.554387 102703.449
77  866610.0 29639.796 -1323.975564 1158.483313 103915.711
78  864754.0 30292.575 -1363.001482 1191.135145 105125.317
79  862887.0 30959.327 -1403.105229 1224.525845 106332.252
80  861008.8 31640.337 -1444.315572 1258.671710 107536.497
81  859119.1 32335.892 -1486.661854 1293.589386 108738.036
82  857217.7 33046.286 -1530.174001 1329.295866 109936.850
83  855304.3 33771.815 -1574.882532 1365.808497 111132.922
84  853378.7 34512.779 -1620.818567 1403.144990 112326.233
85  851440.4 35269.483 -1668.013834 1441.323416 113516.764
86  849489.4 36042.234 -1716.500677 1480.362220 114704.494
87  847525.3 36831.346 -1766.312068 1520.280223 115889.406
88  845547.8 37637.136 -1817.481608 1561.096626 117071.477
89  843556.6 38459.922 -1870.043541 1602.831015 118250.688
90  841551.5 39300.030 -1924.032760 1645.503369 119427.017
91  839532.1 40157.787 -1979.484814 1689.134064 120600.443
92  837498.2 41033.525 -2036.435913 1733.743876 121770.943
93  835449.5 41927.579 -2094.922944 1779.353987 122938.496
94  833385.6 42840.289 -2154.983468 1825.985993 124103.077
95  831306.3 43771.996 -2216.655733 1873.661906 125264.663
96  829211.3 44723.046 -2279.978681 1922.404156 126423.232
97  827100.2 45693.788 -2344.991954 1972.235602 127578.757
98  824972.8 46684.575 -2411.735898 2023.179535 128731.215
99  822828.6 47695.762 -2480.251574 2075.259677 129880.580
100 820667.5 48727.708 -2550.580762 2128.500194 131026.825