           S         I           R          V          E
1   990000.0  5000.000     0.00000    0.00000   5000.000
2   988475.3  5142.527   -15.47209   12.69341   6384.920
3   986950.3  5287.139   -30.89317   25.77666   7767.680
4   985424.9  5433.885   -46.27085   39.25452   9148.277
5   983898.9  5582.822   -61.61435   53.13282  10526.712
6   982372.5  5734.005   -76.93215   67.41695  11902.981
7   980845.5  5887.488   -92.23300   82.11250  13277.085
8   979317.9  6043.331  -107.52595   97.22529  14649.020
9   977789.7  6201.592  -122.82023  112.76129  16018.785
10  976260.7  6362.330  -138.12526  128.72661  17386.379
11  974730.9  6525.608  -153.45070  145.12758  18751.800
12  973200.3  6691.489  -168.80641  161.97065  20115.045
13  971668.8  6860.037  -184.20248  179.26249  21476.112
14  970136.3  7031.319  -199.64926  197.00996  22834.999
15  968602.8  7205.403  -215.15728  215.22006  24191.705
16  967068.3  7382.356  -230.73735  233.90004  25546.226
17  965532.5  7562.252  -246.40052  253.05730  26898.560
18  963995.6  7745.161  -262.15807  272.69947  28248.704
19  962457.4  7931.158  -278.02158  292.83438  29596.655
20  960917.8  8120.320  -294.00284  313.47007  30942.412
21  959376.8  8312.723  -310.11396  334.61478  32285.970
22  957834.3  8508.448  -326.36730  356.27700  33627.328
23  956290.3  8707.575  -342.77550  378.46543  34966.480
24  954744.5  8910.188  -359.35150  401.18900  36303.425
25  953197.1  9116.371  -376.10853  424.45687  37638.159
26  951647.9  9326.212  -393.06014  448.27847  38970.678
27  950096.8  9539.800  -410.22015  472.66344  40300.979
28  948543.7  9757.224  -427.60272  497.62169  41629.057
29  946988.6  9978.579  -445.22235  523.16340  42954.909
30  945431.3 10203.959  -463.09384  549.29900  44278.531
31  943871.8 10433.460  -481.23234  576.03918  45599.918
32  942310.0 10667.183  -499.65335  603.39493  46919.067
33  940745.8 10905.229  -518.37271  631.37751  48235.971
34  939179.1 11147.700  -537.40664  659.99847  49550.628
35  937609.8 11394.704  -556.77170  689.26964  50863.031
36  936037.8 11646.347  -576.48485  719.20317  52173.176
37  934463.0 11902.741  -596.56343  749.81152  53481.058
38  932885.2 12163.999  -617.02517  781.10744  54786.672
39  931304.5 12430.234  -637.88820  813.10402  56090.011
40  929720.7 12701.566  -659.17105  845.81469  57391.070
41  928133.7 12978.114  -680.89270  879.25318  58689.843
42  926543.3 13260.001  -703.07251  913.43359  59986.325
43  924949.5 13547.353  -725.73033  948.37035  61280.509
44  923352.1 13840.296  -748.88641  984.07826  62572.388
45  921751.1 14138.962  -772.56147 1020.57249  63861.956
46  920146.2 14443.484  -796.77672 1057.86856  65149.206
47  918537.4 14753.997  -821.55379 1095.98238  66434.132
48  916924.6 15070.641  -846.91485 1134.93026  67716.725
49  915307.6 15393.556  -872.88253 1174.72888  68996.978
50  913686.3 15722.888  -899.47996 1215.39533  70274.885
51  912060.6 16058.783  -926.73081 1256.94714  71550.436
52  910430.2 16401.392  -954.65924 1299.40222  72823.624
53  908795.2 16750.868  -983.28998 1342.77893  74094.440
54  907155.3 17107.367 -1012.64828 1387.09606  75362.876
55  905510.4 17471.048 -1042.75995 1432.37285  76628.924
56  903860.4 17842.074 -1073.65137 1478.62898  77892.573
57  902205.0 18220.609 -1105.34949 1525.88462  79153.815
58  900544.3 18606.823 -1137.88186 1574.16038  80412.640
59  898877.9 19000.888 -1171.27662 1623.47738  81669.039
60  897205.7 19402.977 -1205.56253 1673.85721  82923.001
61  895527.7 19813.271 -1240.76896 1725.32196  84174.516
62  893843.5 20231.950 -1276.92592 1777.89426  85423.574
63  892153.1 20659.199 -1314.06408 1831.59721  86670.163
64  890456.3 21095.207 -1352.21474 1886.45448  87914.272
65  888752.9 21540.165 -1391.40988 1942.49026  89155.891
66  887042.7 21994.269 -1431.68218 1999.72929  90395.006
67  885325.5 22457.717 -1473.06500 2058.19686  91631.607
68  883601.3 22930.712 -1515.59239 2117.91885  92865.681
69  881869.7 23413.459 -1559.29915 2178.92170  94097.215
70  880130.6 23906.167 -1604.22079 2241.23245  95326.196
71  878383.9 24409.050 -1650.39358 2304.87874  96552.611
72  876629.2 24922.324 -1697.85452 2369.88880  97776.447
73  874866.5 25446.208 -1746.64141 2436.29150  98997.689
74  873095.4 25980.927 -1796.79282 2504.11634 100216.323
75  871315.9 26526.709 -1848.34810 2573.39346 101432.334
76  869527.7 27083.783 -1901.34744 2644.15365 102645.709
77  867730.6 27652.386 -1955.83182 2716.42836 103856.430
78  865924.4 28232.754 -2011.84307 2790.24973 105064.483
79  864108.8 28825.132 -2069.42388 2865.65056 106269.852
80  862283.7 29429.764 -2128.61777 2942.66437 107472.520
81  860448.8 30046.901 -2189.46917 3021.32538 108672.470
82  858603.9 30676.796 -2252.02336 3101.66852 109869.685
83  856748.7 31319.705 -2316.32654 3183.72946 111064.148
84  854883.1 31975.891 -2382.42583 3267.54462 112255.841
85  853006.9 32645.617 -2450.36927 3353.15114 113444.745
86  851119.6 33329.152 -2520.20584 3440.58695 114630.841
87  849221.2 34026.768 -2591.98547 3529.89075 115814.111
88  847311.4 34738.740 -2665.75905 3621.10202 116994.534
89  845389.9 35465.348 -2741.57848 3714.26104 118172.092
90  843456.4 36206.876 -2819.49661 3809.40891 119346.762
91  841510.8 36963.609 -2899.56733 3906.58751 120518.525
92  839552.8 37735.838 -2981.84552 4005.83961 121687.359
93  837582.1 38523.857 -3066.38712 4107.20875 122853.242
94  835598.4 39327.962 -3153.24909 4210.73939 124016.152
95  833601.5 40148.455 -3242.48945 4316.47680 125176.067
96  831591.1 40985.640 -3334.16729 4424.46716 126332.963
97  829566.9 41839.823 -3428.34279 4534.75750 127486.816
98  827528.8 42711.317 -3525.07721 4647.39578 128637.603
99  825476.3 43600.434 -3624.43290 4762.43083 129785.299
100 823409.2 44507.492 -3726.47335 4879.91242 130929.879